93
1
14
68
43
52
23
32
43
52
85
43
67
10
83
50
33
54
26
3
18
68
80
74
72
37
4
5
11
92
17
89
45
68
3
19
94
66
80
36
86
70
86
82
76
16
29
47
53
42
11
20
2
87
64
96
7
93
86
99
22
72
89
51
80
97
42
56
50
51
75
66
49
90
45
77
26
9
73
46
25
79
60
12
89
97
6
21
39
87
46
38
10
57
33
85
87
70
49
46
19
87
52
8
73
23
45
49
65
17
33
30
13
80
12
49
75
44
51
22
16
93
83
16
28
31
70
87
92
59
1
90
77
50
83
66
51
41
80
89
94
52
21
33
15
12
73
28
58
24
78
1
100
56
8
82
24
65
9
94
42
41
21
4
20
31
93
99
70
61
37
59
58
50
30
1
69
64
92
42
34
75
71
37
26
81
45
69
98
2
21
92
5
91
8
56
55
15
59
61
64
30
47
32
73
75
39
39
68
6
7
83
17
37
57
46
15
19
59
46
97
82
75
69
29
77
17
30
34
68
87
36
62
63
91
45
44
43
8
77
84
35
7
79
99
22
70
85
6
7
21
66
34
20
21
15
58
40
71
33
59
34
18
43
48
32
54
30
9
8
36
11
95
11
25
50
23
10
82
17
73
38
1
95
62
11
34
81
28
17
68
16
67
67
23
59
30
1
83
79
37
74
61
5
15
98
32
21
55
67
70
16
1
63
14
29
43
44
94
21
66
11
13
49
87
18
70
7
90
93
49
64
49
29
50
18
24
74
82
6
26
31
3
92
6
47
6
4
37
65
100
71
74
70
64
92
31
25
5
56
35
12
7
5
74
6
5
95
60
45
15
47
43
71
41
1
74
45
87
96
24
2
7
97
95
11
57
58
60
19
79
50
84
60
33
82
12
67
42
30
34
20
81
38
49
77
11
9
63
29
16
93
76
39
6
69
37
89
75
96
56
16
60
92
33
48
24
45
91
50
100
88
53
60
71
84
46
61
66
3
69
50
63
60
48
81
34
14
8
57
62
39
78
41
9
92
74
7
16
80
30
83
96
4
44
90
94
7
31
7
28
34
42
29
81
17
3
26
36
80
82
39
17
58
35
79
16
8
24
18
56
45
98
49
90
30
50
38
44
2
79
61
36
43
91
51
31
55
15
75
89
45
66
64
50
90
46
34
68
98
19
100
52
95
66
44
38
31
96
5
22
74
34
37
64
20
8
5
93
45
39
84
78
62
14
82
71
87
43
20
14
79
4
58
34
43
37
29
43
9
34
8
92
25
45
13
60
71
27
27
92
51
48
37
89
70
46
14
50
67
13
97
87
25
81
29
36
36
4
56
74
59
31
85
27
44
87
49
49
12
12
21
54
28
94
94
17
71
32
72
1
14
81
21
24
31
13
80
97
63
60
48
10
54
49
84
83
43
78
54
41
9
23
35
30
72
24
77
28
100
28
37
60
59
89
78
35
24
40
9
4
18
57
36
10
29
18
43
46
9
98
5
56
46
80
48
92
77
100
80
44
91
69
7
95
50
95
21
61
13
34
95
8
89
25
58
52
20
64
14
19
82
92
67
23
32
80
6
8
63
63
3
73
64
13
12
68
62
62
18
27
58
53
97
28
51
82
51
96
65
77
18
41
98
91
31
85
10
54
51
61
11
60
7
87
85
15
98
49
99
65
80
96
69
86
4
100
24
33
35
2
27
8
75
60
100
37
56
79
32
99
78
88
43
91
90
8
90
4
91
88
67
67
6
96
12
19
35
74
16
69
35
77
70
91
99
33
9
57
59
20
7
53
78
36
35
89
76
95
49
49
16
58
48
34
80
17
53
8
78
64
65
4
49
77
15
82
21
59
37
9
37
39
27
74
31
27
93
87
51
28
75
79
67
84
16
3
69
59
99
28
14
18
89
25
76
41
10
7
75
14
9
33
64
57
48
18
10
24
27
57
28
42
31
44
52
58
86
64
32
11
36
71
31
33
5
57
89
39
61
82
81
72
24
98
91
55
55
81
25
14
83
62
59
31
7
66
71
96
57
91
27
44
57
83
82
81
65
100
85
10
31
39
67
1
76
30
36
17
29
77
85
2
95
61
92
28
62
18
12
11
39
37
99
14
46
77
39
67
13
25
8
78
33
24
40
61
28
95
17
5
17
81
3
43
66
76
29
50
96
22
3
37
20
84
5
89
41
82
46
81
2
12
58
1
65
92
39
62
4
31
56
69
38
100
34
71
34
50
47
41
9
35
31
51
76
28
41
77
28
